345.6937244428052
339.7711160824685
334.8081031626861
325.95320406895524
321.3767111286114
318.5510474888769
313.06819767439254
308.38983396852774
305.4840289319852
297.1050885839195
293.48959309329615
287.19815768629246
284.81713189198075
277.78487815978855
273.8287423891408
274.23508664163927
272.3580706373631
264.7488412095061
262.88442133015747
260.3156905668238
252.90164955650042
250.53420259484534
246.8884582032552
244.27364263780578
245.87968488358914
239.73001298964132
235.20339255021037
236.83818435602458
232.6455842810047
227.52690082852686
231.37650469343504
224.91025249713118
220.9678120792559
222.27437365494308
217.0688423939455
213.51389229199418
212.85653473237954
210.57586892638886
207.1133935703266
205.43367271731887
202.77223199309188
203.388544171789
200.96614848919867
198.24193835807438
194.81735846309766
196.22456699614997
193.94896276420462
192.65286993326072
191.71708044906586
188.85797874587715
185.65102185824693
186.32559649985552
186.35748403325366
185.20642627206635
181.8966662398112
180.8543564908869
179.52757383879336
176.6756505697787
175.66017207182836
176.59665946226608
172.23632631878183
171.7473226445267
170.44461294651293
170.8438936681895
168.38457466954856
165.89764205488999
168.5592448720614
166.45239476575466
165.5820630578058
163.53971056832876
160.9996046201053
164.41935432384943
160.51491070650937
157.4090292046653
156.8289529396902
157.90739555675276
157.45232003211078
155.9691484387925
155.65784960419194
154.66779988487497
